     9    8        
         0.0005450018       -0.0005197110        0.1473757381    
         0.3589236248        0.0793860772        0.0117912094    
         0.0122474158       -0.0143766139        0.5456401341    
        -0.1216676213       -0.3460836646        0.0088088323    
        -0.2515842921        0.2834572009        0.0339163135    
        -0.0560371430        0.0735820203       -1.6513845528    
         1.0174882876       -1.1916090092        0.5878719096    
        -1.5388390162       -0.3330865294        0.4726701112    
         0.5643223613        1.4702427565        0.4617227020    
        -0.0079125064       -0.0075979185        0.1519263114    
         0.2809316478        0.2492019291       -0.1040828512    
        -0.1021248790       -0.0692706655        0.5132663631    
         0.2042089293       -0.3165633286        0.0617259175    
        -0.3316872358        0.1822943101        0.0816280923    
         0.1786923883        0.1719750008       -1.6085941020    
         1.0808217483       -1.1504655126        0.7141659721    
        -0.6223254656        1.4933354002        0.6501099953    

