     5    4        
         0.0019746439       -0.0017677708       -0.0006403505    
         0.4692090453        0.7776248702        0.6879940590    
        -0.0146492900       -0.8722674844        0.8326918876    
        -0.0478744562        0.9297910935       -0.8335875852    
        -0.3921202722       -0.7473302260       -0.7028352923    
        -0.0033231158        0.0022498827       -0.0006813873    
         0.9978996332        0.2239479350        1.0287053610    
        -1.0859912889        1.0637059113       -0.2728560816    
         0.0480612905       -1.2507550513       -0.7983752997    
