     5    3        
        -0.0056451045       -0.0004413803        0.0048547513    
        -0.9006267740        0.0496881869        0.6799915165    
         1.1408453450       -0.2334990388       -0.9171617667    
        -0.7203697026        0.1963993341        0.8562235283    
         0.9600644235       -0.0778395034       -1.0805374433    
         0.0481516713        0.0385473430        0.0132927264    
         0.2953634170        1.4055204246       -0.6042205629    
        -0.3907755774       -1.5400166988        0.5422447480    

