     9    7        
         0.0000929246        0.0000049383        0.0003466388    
        -0.1818094172        0.2204927102       -0.2720118663    
        -0.2729768903       -0.2176193171        0.1820533537    
         0.2711616380       -0.2201255951       -0.1832396326    
         0.1835856806        0.2172165241        0.2720330010    
        -0.7025466156       -0.8566411640       -1.0895686318    
        -1.0614405515        0.9052924204        0.6884758473    
         0.6602678776       -0.9089450832        1.0750196341    
         1.1038177737        0.8601790387       -0.6743266393    
         0.0220592768        0.0004456532       -0.0153956136    
        -0.3747101647       -0.1194374362       -0.2620347291    
         0.1226373393       -0.3149600899       -0.0729425909    
         0.0566067920        0.3444013805       -0.0523333714    
         0.1033232000        0.0908439824        0.4589125106    
        -0.4930568878       -1.6350118058        0.1739465769    
        -0.2691993566        1.5998506074        0.5852846128    

