    11   11       
         0.0002992759       -0.0024568253       -1.4121662870    
        -0.4275564181        0.0584661498       -1.2873904496    
         0.0004305361       -0.0124020732       -2.0132516760    
         0.1553709406       -0.3811758148       -1.2633049605    
         0.2704124219        0.3467960359       -1.2980109148    
        -0.0002954189       -0.0001295070       -3.3738669121    
        -0.7132223077        0.7240699762        0.6651084603    
         0.9912115519        0.2550686862        0.6731803691    
        -0.0001959380        0.0000671747        1.4334784048    
        -0.2797355277       -0.9808992455        0.6698869820    
         0.0058225164        0.0004548053        3.3998175158    
        -0.0011245079       -0.0016242414       -1.4123393643    
        -0.4029014901        0.1211847012       -1.2709277512    
        -0.0068515945       -0.0092091130       -2.0133554872    
         0.3216392252        0.3042272080       -1.3043042137    
         0.0942321996       -0.4083134666       -1.2729735849    
         0.0003147697       -0.0004424468        1.4334832655    
        -0.0153610733        0.0170658711        3.3998974602    
         0.7515595928       -0.6737979314        0.6576617778    
        -0.9647832369       -0.3378401328        0.6725864853    
         0.2212770089        1.0038069345        0.6778607580    
        -0.0047012915       -0.0005365064       -3.3737163197    

