     5    5        
        -0.0003555320        0.0013120613       -0.0007592923    
        -0.1463921753       -0.2456424389       -0.6914009063    
         0.6553812087        0.3621275280        0.0043251667    
        -0.5407178119        0.4662705016        0.2171844344    
         0.0331451209       -0.5898339789        0.4744659047    
         0.0004913365       -0.0014200873        0.0003596594    
         0.1467106381        0.2463600365        0.6928707003    
         0.5396287184       -0.4655245984       -0.2166840105    
        -0.6556964529       -0.3623190201       -0.0043968302    
        -0.0331187382        0.5893746155       -0.4740348866    

