    11   11       
         0.0000617785        0.0000574623        0.8962420115    
         0.0000140261        0.0000802203        3.2531702226    
        -0.0029779861       -1.2135284836        2.1050014027    
         0.0002048366       -0.0006752015        5.0377494868    
        -1.0496571588        0.6040293650        2.1059438860    
         1.0515793601        0.6077888067        2.1040250568    
         0.0005979750       -0.0004795538       -1.7792785457    
         1.4225968096       -0.8235097880       -2.1526862857    
        -0.0062425888        1.6361814948       -2.1580329233    
        -1.4172560603       -0.8137084821       -2.1601031466    
         0.0010534898        0.0001866899       -0.4270310215    
        -0.0000002991        0.0000973374        0.8964464832    
         0.0009344185       -0.0002778909       -0.4285064709    
        -0.0010722669       -1.2124703592        2.1053549499    
        -1.0502759571        0.6045726334        2.1053928943    
         1.0510652938        0.6058307264        2.1048174500    
         0.0000075970        0.0000772915        3.2532138980    
        -0.0002704580        0.0001947966       -1.7789905291    
         0.0001224922       -0.0001439808        5.0377188973    
        -0.0015601038        1.6391233929       -2.1573066860    
         1.4206269807       -0.8222029044       -2.1555575706    
        -1.4178691890       -0.8188067405       -2.1588486425    

