     8    6        
         0.0066794478       -0.0101257843       -0.0052955719    
         0.2650857675        0.2312100316       -0.2958898077    
         0.2606871709       -0.2211438783        0.2960879561    
        -0.3093634932        0.3696890213        0.2294290454    
        -0.2646921270       -0.3092936771       -0.1940007731    
        -0.7527180987       -1.6235404288        1.0840395466    
         1.8291417158        0.8246561307        0.5621178008    
        -0.6129503467        0.2224505508       -1.9710696130    
        -0.0006717802        0.0017784534       -0.0020384231    
        -0.2347238670        0.1693672208       -0.3629587842    
        -0.2429377840       -0.1770273269        0.3716703127    
         0.2398169171        0.2862097058        0.2901055805    
         0.2420279647       -0.2898510749       -0.2866087242    
         2.1953969408       -1.5110603287        2.6169806282    

