     6    4        
         0.0371745296        0.0838173715       -0.5185819585    
        -0.0137797991       -0.0347925842       -2.7003752902    
        -0.0011195023        0.0030328369        0.6169493940    
        -0.0579731094        1.7302309212        0.8585555327    
         1.2893053834       -0.9173587228        1.0580389236    
        -1.2551626402       -0.9007376920        1.1001256324    
        -0.0066662931        0.0107589981        0.5582698977    
         1.4122921930        0.0766326712        1.3453024086    
        -1.4123910795       -0.0770768482        1.3449934013    
        -0.0003591338       -0.0007071984       -2.4001940312    

