     9    0        
        -0.0000064375       -0.0002815022        0.1914043713    
         0.3289124636        0.0091332378       -0.0230984171    
        -0.2829585119       -0.0396082205       -0.0766341781    
        -0.0110343564        0.3266887466        0.4231579231    
        -0.0349364343       -0.2945787514        0.4593411646    
         0.0095279258       -1.1742480181       -1.2082839002    
        -0.0076119950        1.1651073571       -1.1527310703    
        -1.3840966852        0.0498039347        1.0655287319    
         1.3762296997        0.0173092049        1.0636369417    

