    17   15       
        -0.0000471768       -0.0006299573       -1.7868306693    
         0.2222693623       -0.3058979760       -1.6709592380    
        -0.8751764601        1.2807169497       -1.9265579722    
        -0.6721294657       -1.3992229743       -1.9257908298    
        -0.0000051970       -0.0035019346        0.0000569215    
        -0.3714600999       -0.0571572983       -1.6610218943    
         0.1464174343        0.3398272162       -1.6384889518    
         0.0030203915        0.0270353444       -2.1880882982    
         1.5471348869        0.1192315330       -1.9258002929    
         0.0000427851       -0.0006270713        1.7868295671    
         0.3714557668       -0.0572071006        1.6609687347    
        -1.5468882610        0.1218229665        1.9257484560    
         0.6693068177       -1.4004966310        1.9262088610    
        -0.2222720516       -0.3058698614        1.6708865709    
        -0.0029507936        0.0270142710        2.1881073285    
        -0.1464506782        0.3398530002        1.6386151708    
         0.8776262191        1.2790593666        1.9262866379    
        -0.0014701653        0.0011420052       -1.7830296873    
         0.0314146928       -0.0340826886       -3.6041550915    
         0.0519634824        0.0260900641       -1.4006582922    
        -0.0355944928        0.5448415872        0.0199336661    
         0.0301909323       -0.1072654572       -2.1799109875    
         0.0248982736        0.0546813163       -2.1872917573    
        -0.1027197454        0.0226410503       -1.4159219010    
        -0.4498493739       -0.2506918671        0.0014151914    
         0.0001771692       -0.0004026224        1.7834332419    
         0.4606814980       -0.2901593693       -0.0222369328    
         0.0641585992       -0.0433452559        2.1852343974    
        -0.0061052206        0.0270768400        3.6104367683    
        -0.0380538806       -0.0633655837        1.4053224500    
         0.0450601072        0.0601588996        1.4045537368    
        -0.0715328679        0.0472958292        2.1843718433    

