     6    6        
        -0.0456117246       -0.0411496811        0.0183945809    
        -0.2969012820        0.6163258586       -0.3157901044    
         0.4371047704       -0.3036098871       -0.4840897700    
        -0.2986327076       -0.2636486306        0.1214728997    
         0.4219723483        0.2149812846        0.5758295477    
         2.6034444384        2.7810646724       -0.9909174907    
        -0.0380885552        0.0283971028        0.0427225305    
        -0.2447547663        0.1885021546        0.2798375129    
        -0.3751678470       -0.2089758069       -0.5796284352    
         0.3190068669       -0.6028801263        0.2833076152    
         0.5486209606        0.4663630143       -0.2349496677    
         2.6165274865       -1.4692296972       -2.5476285086    

