     9    6       
         0.0000056428       -0.0000120957        0.0000110683    
         0.3307953467        0.2721637582        0.0134992258    
         0.0012353178       -0.2076287618       -0.3749493132    
        -0.3672783453        0.2172817479        0.0401949547    
         0.0347105727       -0.2814815585        0.3213018249    
         1.4951349882       -0.9368571598       -0.1384985908    
        -0.1056628052        1.1389877785       -1.3508677851    
         0.0050875575        0.8875911305        1.5313336994    
        -1.3941018717       -1.0894949537       -0.0421958790    
        -0.0096013588       -0.0463710454       -0.0076208183    
         0.4989262631        0.1549461781       -0.0805667792    
        -0.1928181402        0.0465577397        0.4313337200    
        -0.0632399659       -0.3097713605       -0.0326265204    
        -0.1693239381        0.3817349495       -0.3459618926    
         0.4066876745        2.3754570547       -0.2576238823    

