    15   15       
         0.0129226975        0.0199475676       -1.4197000953    
         1.1938564891        0.6153458099       -1.6149905391    
         0.7648687672       -0.6183736461       -2.4229024289    
        -0.0000799564        0.4175794115        0.0000974472    
        -1.3812016778       -0.5365284157       -2.0078521886    
        -0.0128434951        0.0200160870        1.4196512178    
         1.9392290737        0.0016328799       -2.6195525287    
         3.0146932268        0.6189201012       -2.0326209447    
         1.9037453731       -0.6197088239       -3.7913646395    
        -1.9390256803        0.0021753401        2.6200813363    
        -1.1939278276        0.6157214359        1.6148296891    
        -0.7653259561       -0.6185051648        2.4233681516    
        -1.9034009044       -0.6203740040        3.7910919981    
        -3.0143911334        0.6189037423        2.0327545187    
         1.3810896788       -0.5356590960        2.0077031577    
         0.0129244564        0.0201227048       -1.4197841597    
        -0.0129453491        0.0201030172        1.4197826709    
        -1.1948265108        0.6136632868        1.6122812139    
         0.0000500446        0.4205124936        0.0000115769    
         1.3807718383       -0.5395133801        2.0081915542    
        -0.7631709502       -0.6167303475        2.4253965155    
         1.9394090727        0.0008841490       -2.6186344188    
         3.0138405171        0.6224830476       -2.0347410670    
         0.7630303667       -0.6170175171       -2.4253945377    
         1.9051772864       -0.6236422735       -3.7894069255    
         1.1948704416        0.6139009046       -1.6122693570    
        -1.3806884078       -0.5397265410       -2.0083522625    
        -1.9397036323        0.0006840486        2.6185735638    
        -1.9050144572       -0.6236584291        3.7895247548    
        -3.0143969483        0.6226129889        2.0344711290    

