     7    6        
         0.0387399928       -0.0186489956        0.0239968768    
        -0.4879834610       -0.4197852742       -0.1978979907    
         0.2830844001       -0.1715027975        0.2121194194    
        -0.2822179574        0.4337233814        0.3265305825    
         0.2186010831        0.2232554615       -0.4649155503    
        -0.0806432489       -2.3499341374        0.5808335693    
         0.1191074717        2.3875886335       -0.5499816906    
        -0.0261061100        0.0137792054       -0.0220286890    
        -0.1077921578       -0.4623484550        0.3372040972    
        -0.1677077122        0.3392482198       -0.1821523093    
         0.1421946709       -0.5334431619       -0.0738975396    
         0.2232866974        0.5573660211        0.0101894236    
         2.6259618510       -1.6629013099        2.5232058518    

