    16   16       
         0.0000271918        2.0163612223        0.2604925766    
        -0.0002369400        3.2956200628       -0.9788508993    
         1.2370879159        1.2375409534       -0.0002827817    
        -0.0000477507        2.1769132157        2.0338471400    
        -1.2371874304        1.2377499300       -0.0002699235    
        -0.0001176389       -2.0164641188        0.2604777864    
         0.0001774782       -2.1767762333        2.0334427189    
        -1.2372284244       -1.2378932088       -0.0001421976    
        -0.0003387815       -3.2957267888       -0.9787904166    
         1.2373085460       -1.2375168046        0.0000169170    
        -2.0165357813        0.0001398647       -0.2604360984    
         2.0166615314       -0.0001485309       -0.2602461264    
        -3.2965119191       -0.0002062016        0.9763858754    
        -2.1784106861       -0.0000229203       -2.0306428705    
         3.2964469680       -0.0002305680        0.9765194875    
         2.1786518317        0.0002254243       -2.0310169699    
        -0.0005398921        2.0165232553        0.2604447959    
        -0.0001762928       -2.0166511138        0.2607833772    
        -2.0165374797       -0.0002184442       -0.2605407418    
        -1.2376142984        1.2375081697        0.0005708684    
        -2.1769332278       -0.0008063444       -2.0339656455    
        -3.2957701531        0.0011684093        0.9786938833    
        -1.2373289579       -1.2372555760       -0.0005220652    
         2.0166382324       -0.0000484982       -0.2605621617    
         1.2379227639        1.2371717919        0.0005610226    
         2.1764475763       -0.0006482989       -2.0338225406    
         1.2374137608       -1.2371481582       -0.0002661831    
         3.2958297067        0.0008416342        0.9781449356    
        -0.0000262999        3.2966148829       -0.9767875417    
         0.0006354939        2.1785454718        2.0298101151    
        -0.0004270958       -3.2961388397       -0.9768351648    
         0.0005392727       -2.1790965710        2.0313925570    
  
