    10    9       
         0.0001436381        0.4162003347       -0.0007996616    
         0.2213303078        0.7553121540        0.0291045350    
         0.0747471407        0.1926905377        0.2990017131    
        -0.3688260681        0.5551478067       -0.0123557038    
         0.0736556196        0.2133368211       -0.3110957425    
         2.3466179982       -0.7969059674        0.0117407945    
        -0.7426724890       -1.1265766921        0.0013998144    
        -0.8283343176        1.5616144367       -1.8312238877    
        -0.8105298516        1.5471206080        1.8057241700    
        -1.3033374567       -3.6325181289       -0.0006138419    
        -0.0021473039        0.4139791960       -0.0013540719    
         0.2559939086        0.7455475724        0.0518533713    
         0.0546343953        0.1965575577        0.3067750836    
        -0.3708807728        0.5428618537       -0.0219707290    
         0.0766200207        0.2418235763       -0.3276180402    
         2.4628907715       -0.5348543489        0.0104146618    
        -0.8742166453       -2.3686447585        0.0036650719    
        -0.8605925260        1.6570178427       -1.8241009723    
        -0.8469560341        1.6334792190        1.8054253655    

