     5    4      
         0.0003554430       -0.0057660043        0.1703864572    
        -0.0056406404       -0.1082184213       -1.7642863014    
         0.1319163978       -1.6856021066        0.7227053008    
         1.0453507133        0.9137714809        0.8953357670    
        -1.1604370705        0.7501094382        0.8790813478    
         0.0859123721        0.0122615771        0.1886318416    
        -0.6086432260        1.9789758534        1.4943451617    
        -0.6486674597       -0.2801927155       -1.5337235347    
         1.2052209213       -1.4898626281        0.8315339643    

