     9    9        
         0.0000365574       -0.0001068122        0.0000389544    
         0.3009787582        0.3387229094        0.1350084052    
        -0.4596981306       -0.0663435432        0.0860505347    
        -0.0642691463        0.0661371498       -0.4638828307    
         0.2236172092       -0.3381214808        0.2423492242    
        -0.9848244186        1.7410694221       -0.6724779232    
        -0.9621831151       -1.7411491085       -0.7055171802    
         1.9783935325       -0.0196677429       -0.7335065199    
        -0.0314397825        0.0203741267        2.1108799346    
         0.0000807380        0.0000089708       -0.0001917023    
        -0.3694878289        0.0028321696        0.3007377723    
         0.0985282672        0.4593618303        0.0746963592    
         0.1015906213       -0.4594426153        0.0699992600    
         0.1690149804       -0.0027749705       -0.4439359099    
        -0.0300434173       -0.0165185310        2.0261447525    
         1.9044517024        0.0165888868       -0.7032116437    
        -0.9471976058       -1.6725034311       -0.6474126767    
        -0.9281049880        1.6724883579       -0.6744570004    

