     5    4        
        -0.0067366554       -0.0000001374       -0.0355881619    
         1.8098978971        0.0000037280        0.2045902260    
        -1.3498820170        1.7080860569       -0.5870565765    
        -1.3498775399       -1.7080872446       -0.5870486415    
         0.4678957993        0.0000061196        1.7363976113    
         0.0008829718        0.0000000132       -0.1311908975    
         2.0068477816       -0.0000087858       -0.0002710412    
        -1.0032211598        1.7384122530       -0.0001977028    
        -1.0032286133       -1.7384167334       -0.0001976238    


