     9    8        
        -0.0001102680        0.0000591069        0.0000294415    
         0.2403315511        0.1035362017       -0.2548911833    
         0.1804595485       -0.1321219146        0.2893804873    
        -0.2184886811       -0.2596778498       -0.1364728019    
        -0.2010177921        0.2877176618        0.1014991998    
        -0.7110076662        0.4857333935       -1.1248458462    
         0.7715634664       -1.1317846336       -0.3611830048    
        -0.9184856601       -0.3748363944        0.9838231740    
         0.8409460797        1.0148466785        0.5185160355    
         0.0114896136        0.0050264507       -0.0122829795    
         0.2039339867        0.2374933878        0.1547115713    
        -0.3277090826       -0.1293479477        0.3051281038    
         0.1855452750       -0.2811826130       -0.0876232161    
        -0.1570579277        0.1333214612       -0.2760120176    
        -0.7088273653       -1.0165933159       -0.7857468690    
         0.9893183324       -0.4453824875        0.9907056878    
        -0.6033558294        1.3314434896        0.1331844231    

