     9    9        
         0.0000077152        0.0000448504        0.0000599538    
        -0.1213059899        0.0053453313       -0.3205697812    
        -0.2617459151       -0.0312306523        0.2191511510    
         0.1691452418        0.2909618462        0.0653151106    
         0.2139926358       -0.2654046709        0.0358150770    
        -0.6282213175       -1.0687632299       -0.2362491440    
        -0.7801887854        0.9815413280       -0.1423465248    
         0.4404979854       -0.0153238699        1.1824553058    
         0.9679586053        0.1033876548       -0.8032726826    
         0.0000018871       -0.0000055147       -0.0000227765    
         0.1210147512       -0.0059789138        0.3206055202    
        -0.2135912987        0.2655819063       -0.0363058833    
         0.2614489507        0.0318594415       -0.2193007230    
        -0.1689602799       -0.2911157177       -0.0646947529    
         0.7787431404       -0.9822438067        0.1454036787    
        -0.4369801590        0.0192490026       -1.1837012381    
        -0.9674863193       -0.1085033491        0.8031678116    
         0.6256476632        1.0706442484        0.2345470055    

