     6    5        
        -0.0424501787        0.0380679028        0.0184763286    
        -0.3473399974        0.3117692401        0.1429904146    
         0.4356618180       -0.2217354355        0.6130038939    
        -0.3375758198       -0.6808597170       -0.3437780128    
         0.4891377743        0.3597273978       -0.5491296464    
         3.2251760680       -3.1886528632       -1.7245878551    
         0.0000756450        0.0002080592       -0.0000200328    
        -0.5121429313        0.2590724440       -0.7493376881    
        -0.5601533694       -0.4170031392        0.6348807250    
         0.4008317760        0.7618364997        0.3856197157    
         0.6686826075       -0.6075578193       -0.2715653874    

