    10    9       
        -2.2721200519        0.0102137345       -0.0073885082    
         2.4492451477       -0.1971402226        0.0059857737    
        -0.7587491078       -0.0046289320        0.0962872860    
        -2.7885331090       -0.4087150841        1.6210412020    
        -2.5557803198        1.6331419663       -0.4757610085    
        -3.0485045681       -1.1864541572       -1.2547901352    
         2.9222622982        1.1528868610        0.6233596020    
         3.0542558819       -0.0586130660        1.0960673413    
         1.2753152194       -0.6459830015       -0.3511337845    
         2.3960122444       -1.1050194700       -1.4981375881    
        -2.2602925484        0.0137438053       -0.0073570260    
         2.4693380028       -0.1762768231       -0.0021476596    
         0.4464142261       -0.0166364014        0.1583049707    
        -2.6200473225       -0.3911108242        1.6924925400    
        -2.4724140175        1.7376490427       -0.4601304991    
        -2.7603466979       -1.2324529759       -1.2762127465    
         2.6328391250        1.6742758550        0.1309970316    
         2.3090649718       -0.9019729558        1.0725712521    
         2.4542247986       -1.2428921466       -1.3711834983    

